0	561fdaa21c48820ce883921a	0.03125	0.03125	0.03125	0.03125	0.03125	0.03125	0.15625	0.03125	0.03125	0.03125	0.03125	0.03125	0.15625	0.03125	0.03125	0.03125	0.03125	0.03125	0.15625	0.03125
1	561fdaa21c48820ce883921b	0.027777777777777776	0.027777777777777776	0.027777777777777776	0.027777777777777776	0.027777777777777776	0.027777777777777776	0.027777777777777776	0.027777777777777776	0.027777777777777776	0.027777777777777776	0.4722222222222222	0.027777777777777776	0.027777777777777776	0.027777777777777776	0.027777777777777776	0.027777777777777776	0.027777777777777776	0.027777777777777776	0.027777777777777776	0.027777777777777776
2	561fdaa21c48820ce883921c	0.17105263157894737	0.013157894736842105	0.013157894736842105	0.17105263157894737	0.06578947368421052	0.013157894736842105	0.013157894736842105	0.013157894736842105	0.013157894736842105	0.17105263157894737	0.013157894736842105	0.17105263157894737	0.013157894736842105	0.013157894736842105	0.06578947368421052	0.013157894736842105	0.013157894736842105	0.013157894736842105	0.013157894736842105	0.013157894736842105
3	561fdaa21c48820ce883921d	0.3020833333333333	0.010416666666666666	0.010416666666666666	0.2604166666666667	0.010416666666666666	0.010416666666666666	0.010416666666666666	0.010416666666666666	0.010416666666666666	0.13541666666666666	0.052083333333333336	0.010416666666666666	0.010416666666666666	0.010416666666666666	0.010416666666666666	0.010416666666666666	0.010416666666666666	0.010416666666666666	0.052083333333333336	0.052083333333333336
4	561fdaa21c48820ce883921e	0.21666666666666667	0.016666666666666666	0.016666666666666666	0.08333333333333333	0.016666666666666666	0.15	0.016666666666666666	0.016666666666666666	0.016666666666666666	0.016666666666666666	0.016666666666666666	0.016666666666666666	0.016666666666666666	0.016666666666666666	0.016666666666666666	0.15	0.016666666666666666	0.016666666666666666	0.016666666666666666	0.15
5	561fdaa21c48820ce883921f	0.3557692307692308	0.04807692307692308	0.04807692307692308	0.009615384615384616	0.009615384615384616	0.009615384615384616	0.009615384615384616	0.009615384615384616	0.04807692307692308	0.009615384615384616	0.125	0.009615384615384616	0.08653846153846154	0.009615384615384616	0.009615384615384616	0.125	0.009615384615384616	0.009615384615384616	0.009615384615384616	0.04807692307692308
6	561fdaa21c48820ce8839220	0.4744897959183674	0.025510204081632654	0.00510204081632653	0.0663265306122449	0.00510204081632653	0.00510204081632653	0.00510204081632653	0.00510204081632653	0.00510204081632653	0.025510204081632654	0.00510204081632653	0.27040816326530615	0.00510204081632653	0.00510204081632653	0.00510204081632653	0.00510204081632653	0.0663265306122449	0.00510204081632653	0.00510204081632653	0.00510204081632653
7	561fdaa21c48820ce8839221	0.1893939393939394	0.007575757575757576	0.007575757575757576	0.06818181818181818	0.007575757575757576	0.007575757575757576	0.007575757575757576	0.007575757575757576	0.007575757575757576	0.09848484848484848	0.007575757575757576	0.09848484848484848	0.007575757575757576	0.007575757575757576	0.007575757575757576	0.06818181818181818	0.1893939393939394	0.007575757575757576	0.09848484848484848	0.09848484848484848
8	561fdaa21c48820ce8839223	0.019230769230769232	0.019230769230769232	0.019230769230769232	0.09615384615384616	0.019230769230769232	0.019230769230769232	0.019230769230769232	0.019230769230769232	0.09615384615384616	0.019230769230769232	0.09615384615384616	0.09615384615384616	0.019230769230769232	0.019230769230769232	0.09615384615384616	0.019230769230769232	0.17307692307692307	0.09615384615384616	0.019230769230769232	0.019230769230769232
9	561fdaa21c48820ce8839224	0.025	0.025	0.025	0.025	0.025	0.025	0.025	0.025	0.225	0.025	0.025	0.025	0.025	0.025	0.225	0.025	0.125	0.025	0.025	0.025
10	561fdaa21c48820ce8839225	0.1323529411764706	0.014705882352941176	0.014705882352941176	0.014705882352941176	0.07352941176470588	0.014705882352941176	0.07352941176470588	0.07352941176470588	0.014705882352941176	0.014705882352941176	0.25	0.014705882352941176	0.014705882352941176	0.014705882352941176	0.014705882352941176	0.014705882352941176	0.07352941176470588	0.014705882352941176	0.014705882352941176	0.1323529411764706
11	561fdaa21c48820ce8839226	0.20238095238095238	0.011904761904761904	0.011904761904761904	0.05952380952380952	0.011904761904761904	0.011904761904761904	0.2976190476190476	0.011904761904761904	0.011904761904761904	0.05952380952380952	0.10714285714285714	0.011904761904761904	0.011904761904761904	0.011904761904761904	0.011904761904761904	0.011904761904761904	0.05952380952380952	0.011904761904761904	0.011904761904761904	0.05952380952380952
12	561fdaa21c48820ce8839227	0.03787878787878788	0.007575757575757576	0.007575757575757576	0.007575757575757576	0.09848484848484848	0.007575757575757576	0.007575757575757576	0.007575757575757576	0.007575757575757576	0.007575757575757576	0.007575757575757576	0.12878787878787878	0.007575757575757576	0.007575757575757576	0.1893939393939394	0.03787878787878788	0.3409090909090909	0.007575757575757576	0.007575757575757576	0.06818181818181818
13	561fdaa21c48820ce8839229	0.022727272727272728	0.022727272727272728	0.022727272727272728	0.20454545454545456	0.022727272727272728	0.022727272727272728	0.022727272727272728	0.022727272727272728	0.022727272727272728	0.11363636363636363	0.20454545454545456	0.022727272727272728	0.022727272727272728	0.022727272727272728	0.022727272727272728	0.022727272727272728	0.022727272727272728	0.022727272727272728	0.022727272727272728	0.11363636363636363
14	561fdaa21c48820ce883922a	0.328125	0.078125	0.015625	0.015625	0.015625	0.015625	0.265625	0.015625	0.015625	0.015625	0.015625	0.015625	0.078125	0.015625	0.015625	0.015625	0.015625	0.015625	0.015625	0.015625
15	561fdaa21c48820ce883922b	0.013157894736842105	0.013157894736842105	0.013157894736842105	0.27631578947368424	0.013157894736842105	0.013157894736842105	0.013157894736842105	0.11842105263157894	0.013157894736842105	0.013157894736842105	0.17105263157894737	0.013157894736842105	0.013157894736842105	0.06578947368421052	0.013157894736842105	0.013157894736842105	0.17105263157894737	0.013157894736842105	0.013157894736842105	0.013157894736842105
16	561fdaa21c48820ce883922d	0.06578947368421052	0.013157894736842105	0.013157894736842105	0.013157894736842105	0.013157894736842105	0.013157894736842105	0.32894736842105265	0.013157894736842105	0.013157894736842105	0.013157894736842105	0.013157894736842105	0.27631578947368424	0.013157894736842105	0.013157894736842105	0.013157894736842105	0.11842105263157894	0.013157894736842105	0.013157894736842105	0.013157894736842105	0.013157894736842105
17	561fdaa21c48820ce883922f	0.03125	0.03125	0.03125	0.03125	0.03125	0.03125	0.15625	0.03125	0.03125	0.28125	0.03125	0.03125	0.03125	0.03125	0.03125	0.03125	0.03125	0.03125	0.03125	0.03125
18	561fdaa21c48820ce8839230	0.009259259259259259	0.009259259259259259	0.12037037037037036	0.046296296296296294	0.08333333333333333	0.009259259259259259	0.009259259259259259	0.009259259259259259	0.009259259259259259	0.009259259259259259	0.009259259259259259	0.1574074074074074	0.19444444444444445	0.009259259259259259	0.009259259259259259	0.19444444444444445	0.046296296296296294	0.046296296296296294	0.009259259259259259	0.009259259259259259
19	561fdaa21c48820ce8839231	0.010416666666666666	0.010416666666666666	0.052083333333333336	0.010416666666666666	0.010416666666666666	0.13541666666666666	0.010416666666666666	0.052083333333333336	0.010416666666666666	0.010416666666666666	0.13541666666666666	0.17708333333333334	0.21875	0.010416666666666666	0.010416666666666666	0.09375	0.010416666666666666	0.010416666666666666	0.010416666666666666	0.010416666666666666
20	561fdaa31c48820ce8839233	0.027777777777777776	0.027777777777777776	0.027777777777777776	0.027777777777777776	0.1388888888888889	0.027777777777777776	0.027777777777777776	0.027777777777777776	0.027777777777777776	0.1388888888888889	0.027777777777777776	0.027777777777777776	0.027777777777777776	0.027777777777777776	0.1388888888888889	0.027777777777777776	0.027777777777777776	0.027777777777777776	0.1388888888888889	0.027777777777777776
21	561fdaa31c48820ce8839234	0.32142857142857145	0.03571428571428571	0.03571428571428571	0.03571428571428571	0.03571428571428571	0.03571428571428571	0.03571428571428571	0.03571428571428571	0.03571428571428571	0.03571428571428571	0.03571428571428571	0.03571428571428571	0.03571428571428571	0.03571428571428571	0.03571428571428571	0.03571428571428571	0.03571428571428571	0.03571428571428571	0.03571428571428571	0.03571428571428571
22	561fdaa31c48820ce8839235	0.0078125	0.0078125	0.0078125	0.0078125	0.1328125	0.0078125	0.0078125	0.0078125	0.0078125	0.0078125	0.0703125	0.0703125	0.0078125	0.1015625	0.2890625	0.0390625	0.0390625	0.1328125	0.0390625	0.0078125
23	561fdaa31c48820ce8839236	0.006944444444444444	0.006944444444444444	0.006944444444444444	0.006944444444444444	0.0625	0.034722222222222224	0.006944444444444444	0.006944444444444444	0.006944444444444444	0.006944444444444444	0.09027777777777778	0.09027777777777778	0.2013888888888889	0.09027777777777778	0.3125	0.006944444444444444	0.006944444444444444	0.006944444444444444	0.034722222222222224	0.006944444444444444
24	561fdaa31c48820ce8839237	0.011363636363636364	0.011363636363636364	0.10227272727272728	0.011363636363636364	0.056818181818181816	0.011363636363636364	0.011363636363636364	0.19318181818181818	0.011363636363636364	0.011363636363636364	0.056818181818181816	0.14772727272727273	0.011363636363636364	0.056818181818181816	0.011363636363636364	0.011363636363636364	0.011363636363636364	0.011363636363636364	0.19318181818181818	0.056818181818181816
25	561fdaa31c48820ce8839238	0.013888888888888888	0.013888888888888888	0.013888888888888888	0.013888888888888888	0.013888888888888888	0.013888888888888888	0.013888888888888888	0.013888888888888888	0.125	0.013888888888888888	0.013888888888888888	0.5138888888888888	0.013888888888888888	0.013888888888888888	0.06944444444444445	0.013888888888888888	0.06944444444444445	0.013888888888888888	0.013888888888888888	0.013888888888888888
26	561fdaa31c48820ce8839239	0.013157894736842105	0.013157894736842105	0.013157894736842105	0.06578947368421052	0.013157894736842105	0.11842105263157894	0.013157894736842105	0.06578947368421052	0.013157894736842105	0.013157894736842105	0.013157894736842105	0.27631578947368424	0.013157894736842105	0.013157894736842105	0.2236842105263158	0.013157894736842105	0.06578947368421052	0.013157894736842105	0.013157894736842105	0.013157894736842105
27	561fdaa31c48820ce883923a	0.020833333333333332	0.020833333333333332	0.020833333333333332	0.020833333333333332	0.020833333333333332	0.020833333333333332	0.020833333333333332	0.020833333333333332	0.1875	0.020833333333333332	0.020833333333333332	0.4375	0.020833333333333332	0.020833333333333332	0.020833333333333332	0.020833333333333332	0.020833333333333332	0.020833333333333332	0.020833333333333332	0.020833333333333332
28	561fdaa31c48820ce883923b	0.07222222222222222	0.027777777777777776	0.005555555555555556	0.09444444444444444	0.07222222222222222	0.09444444444444444	0.005555555555555556	0.027777777777777776	0.005555555555555556	0.005555555555555556	0.005555555555555556	0.29444444444444445	0.07222222222222222	0.027777777777777776	0.09444444444444444	0.005555555555555556	0.005555555555555556	0.005555555555555556	0.07222222222222222	0.005555555555555556
29	561fdaa31c48820ce883923d	0.00641025641025641	0.03205128205128205	0.00641025641025641	0.00641025641025641	0.00641025641025641	0.00641025641025641	0.057692307692307696	0.08333333333333333	0.00641025641025641	0.03205128205128205	0.00641025641025641	0.00641025641025641	0.00641025641025641	0.08333333333333333	0.00641025641025641	0.00641025641025641	0.5448717948717948	0.00641025641025641	0.08333333333333333	0.00641025641025641
30	561fdaa31c48820ce883923e	0.007575757575757576	0.1590909090909091	0.007575757575757576	0.007575757575757576	0.03787878787878788	0.007575757575757576	0.03787878787878788	0.007575757575757576	0.007575757575757576	0.007575757575757576	0.03787878787878788	0.007575757575757576	0.007575757575757576	0.09848484848484848	0.007575757575757576	0.007575757575757576	0.25	0.007575757575757576	0.2196969696969697	0.06818181818181818
31	561fdaa31c48820ce8839240	0.07352941176470588	0.014705882352941176	0.014705882352941176	0.014705882352941176	0.07352941176470588	0.014705882352941176	0.1323529411764706	0.19117647058823528	0.07352941176470588	0.07352941176470588	0.014705882352941176	0.19117647058823528	0.014705882352941176	0.014705882352941176	0.014705882352941176	0.014705882352941176	0.014705882352941176	0.014705882352941176	0.014705882352941176	0.014705882352941176
32	561fdaa31c48820ce8839241	0.016666666666666666	0.08333333333333333	0.016666666666666666	0.016666666666666666	0.08333333333333333	0.016666666666666666	0.016666666666666666	0.08333333333333333	0.35	0.08333333333333333	0.016666666666666666	0.016666666666666666	0.016666666666666666	0.016666666666666666	0.016666666666666666	0.016666666666666666	0.016666666666666666	0.016666666666666666	0.08333333333333333	0.016666666666666666
33	561fdaa31c48820ce8839242	0.1388888888888889	0.027777777777777776	0.027777777777777776	0.027777777777777776	0.027777777777777776	0.027777777777777776	0.027777777777777776	0.1388888888888889	0.027777777777777776	0.027777777777777776	0.027777777777777776	0.1388888888888889	0.027777777777777776	0.027777777777777776	0.027777777777777776	0.027777777777777776	0.1388888888888889	0.027777777777777776	0.027777777777777776	0.027777777777777776
34	561fdaa31c48820ce8839243	0.021929824561403508	0.021929824561403508	0.0043859649122807015	0.021929824561403508	0.2850877192982456	0.0043859649122807015	0.14473684210526316	0.05701754385964912	0.021929824561403508	0.0043859649122807015	0.0043859649122807015	0.05701754385964912	0.0043859649122807015	0.0043859649122807015	0.14473684210526316	0.0043859649122807015	0.10964912280701754	0.0043859649122807015	0.07456140350877193	0.0043859649122807015
35	561fdaa31c48820ce8839244	0.029069767441860465	0.005813953488372093	0.005813953488372093	0.005813953488372093	0.005813953488372093	0.005813953488372093	0.005813953488372093	0.005813953488372093	0.563953488372093	0.005813953488372093	0.1686046511627907	0.005813953488372093	0.005813953488372093	0.005813953488372093	0.05232558139534884	0.005813953488372093	0.005813953488372093	0.005813953488372093	0.005813953488372093	0.09883720930232558
36	561fdaa31c48820ce8839245	0.009615384615384616	0.009615384615384616	0.009615384615384616	0.009615384615384616	0.20192307692307693	0.009615384615384616	0.08653846153846154	0.009615384615384616	0.009615384615384616	0.08653846153846154	0.04807692307692308	0.16346153846153846	0.2403846153846154	0.009615384615384616	0.009615384615384616	0.009615384615384616	0.009615384615384616	0.04807692307692308	0.009615384615384616	0.009615384615384616
37	561fdaa31c48820ce8839247	0.03125	0.03125	0.03125	0.15625	0.03125	0.03125	0.03125	0.03125	0.03125	0.15625	0.03125	0.03125	0.03125	0.03125	0.03125	0.03125	0.03125	0.15625	0.03125	0.03125
38	561fdaa31c48820ce8839248	0.0027472527472527475	0.013736263736263736	0.0027472527472527475	0.0027472527472527475	0.013736263736263736	0.18956043956043955	0.013736263736263736	0.024725274725274724	0.057692307692307696	0.0027472527472527475	0.0027472527472527475	0.013736263736263736	0.057692307692307696	0.0027472527472527475	0.057692307692307696	0.0027472527472527475	0.3434065934065934	0.1565934065934066	0.03571428571428571	0.0027472527472527475
39	561fdaa31c48820ce8839249	0.005813953488372093	0.005813953488372093	0.029069767441860465	0.005813953488372093	0.2616279069767442	0.3081395348837209	0.005813953488372093	0.005813953488372093	0.029069767441860465	0.005813953488372093	0.029069767441860465	0.029069767441860465	0.005813953488372093	0.005813953488372093	0.005813953488372093	0.005813953488372093	0.14534883720930233	0.005813953488372093	0.05232558139534884	0.05232558139534884
40	561fdaa31c48820ce883924b	0.03125	0.03125	0.03125	0.03125	0.03125	0.03125	0.03125	0.03125	0.03125	0.15625	0.03125	0.03125	0.03125	0.03125	0.03125	0.15625	0.03125	0.15625	0.03125	0.03125
41	561fdaa31c48820ce883924c	0.009615384615384616	0.009615384615384616	0.009615384615384616	0.009615384615384616	0.04807692307692308	0.009615384615384616	0.009615384615384616	0.009615384615384616	0.009615384615384616	0.3173076923076923	0.20192307692307693	0.08653846153846154	0.009615384615384616	0.009615384615384616	0.009615384615384616	0.009615384615384616	0.125	0.04807692307692308	0.009615384615384616	0.04807692307692308
42	561fdaa31c48820ce883924d	0.03571428571428571	0.03571428571428571	0.03571428571428571	0.03571428571428571	0.03571428571428571	0.03571428571428571	0.03571428571428571	0.03571428571428571	0.17857142857142858	0.17857142857142858	0.03571428571428571	0.03571428571428571	0.03571428571428571	0.03571428571428571	0.03571428571428571	0.03571428571428571	0.03571428571428571	0.03571428571428571	0.03571428571428571	0.03571428571428571
43	561fdaa31c48820ce883924f	0.03125	0.03125	0.03125	0.03125	0.15625	0.03125	0.03125	0.15625	0.15625	0.03125	0.03125	0.03125	0.03125	0.03125	0.03125	0.03125	0.03125	0.03125	0.03125	0.03125
44	561fdaa31c48820ce8839250	0.027777777777777776	0.027777777777777776	0.027777777777777776	0.027777777777777776	0.027777777777777776	0.027777777777777776	0.027777777777777776	0.027777777777777776	0.027777777777777776	0.027777777777777776	0.027777777777777776	0.027777777777777776	0.027777777777777776	0.3611111111111111	0.027777777777777776	0.027777777777777776	0.1388888888888889	0.027777777777777776	0.027777777777777776	0.027777777777777776
45	561fdaa31c48820ce8839251	0.03571428571428571	0.03571428571428571	0.03571428571428571	0.03571428571428571	0.17857142857142858	0.03571428571428571	0.03571428571428571	0.03571428571428571	0.03571428571428571	0.03571428571428571	0.03571428571428571	0.03571428571428571	0.03571428571428571	0.03571428571428571	0.03571428571428571	0.03571428571428571	0.03571428571428571	0.03571428571428571	0.17857142857142858	0.03571428571428571
46	561fdaa31c48820ce8839252	0.10416666666666667	0.10416666666666667	0.020833333333333332	0.10416666666666667	0.10416666666666667	0.020833333333333332	0.1875	0.020833333333333332	0.020833333333333332	0.020833333333333332	0.020833333333333332	0.10416666666666667	0.020833333333333332	0.020833333333333332	0.020833333333333332	0.020833333333333332	0.020833333333333332	0.020833333333333332	0.020833333333333332	0.020833333333333332
47	561fdaa31c48820ce8839253	0.140625	0.015625	0.078125	0.203125	0.140625	0.078125	0.078125	0.015625	0.015625	0.015625	0.015625	0.015625	0.015625	0.078125	0.015625	0.015625	0.015625	0.015625	0.015625	0.015625
48	561fdaa31c48820ce8839254	0.03125	0.03125	0.03125	0.28125	0.03125	0.03125	0.03125	0.03125	0.03125	0.03125	0.03125	0.03125	0.03125	0.03125	0.03125	0.03125	0.15625	0.03125	0.03125	0.03125
49	561fdaa31c48820ce8839255	0.125	0.013888888888888888	0.013888888888888888	0.06944444444444445	0.06944444444444445	0.013888888888888888	0.18055555555555555	0.013888888888888888	0.013888888888888888	0.013888888888888888	0.2361111111111111	0.013888888888888888	0.013888888888888888	0.013888888888888888	0.013888888888888888	0.06944444444444445	0.06944444444444445	0.013888888888888888	0.013888888888888888	0.013888888888888888
50	561fdaa31c48820ce8839256	0.016666666666666666	0.016666666666666666	0.08333333333333333	0.016666666666666666	0.016666666666666666	0.016666666666666666	0.21666666666666667	0.016666666666666666	0.016666666666666666	0.016666666666666666	0.016666666666666666	0.08333333333333333	0.016666666666666666	0.016666666666666666	0.016666666666666666	0.15	0.08333333333333333	0.15	0.016666666666666666	0.016666666666666666
51	561fdaa31c48820ce8839257	0.17307692307692307	0.019230769230769232	0.019230769230769232	0.019230769230769232	0.019230769230769232	0.019230769230769232	0.019230769230769232	0.019230769230769232	0.09615384615384616	0.09615384615384616	0.019230769230769232	0.019230769230769232	0.019230769230769232	0.17307692307692307	0.019230769230769232	0.09615384615384616	0.019230769230769232	0.09615384615384616	0.019230769230769232	0.019230769230769232
52	561fdaa31c48820ce8839258	0.019230769230769232	0.019230769230769232	0.019230769230769232	0.17307692307692307	0.019230769230769232	0.019230769230769232	0.019230769230769232	0.019230769230769232	0.019230769230769232	0.09615384615384616	0.019230769230769232	0.09615384615384616	0.019230769230769232	0.17307692307692307	0.019230769230769232	0.019230769230769232	0.019230769230769232	0.09615384615384616	0.019230769230769232	0.09615384615384616
53	561fdaa31c48820ce883925a	0.009259259259259259	0.08333333333333333	0.009259259259259259	0.046296296296296294	0.046296296296296294	0.009259259259259259	0.009259259259259259	0.26851851851851855	0.12037037037037036	0.009259259259259259	0.009259259259259259	0.009259259259259259	0.009259259259259259	0.009259259259259259	0.009259259259259259	0.23148148148148148	0.009259259259259259	0.009259259259259259	0.08333333333333333	0.009259259259259259
54	561fdaa31c48820ce883925c	0.03571428571428571	0.03571428571428571	0.03571428571428571	0.03571428571428571	0.03571428571428571	0.03571428571428571	0.03571428571428571	0.03571428571428571	0.03571428571428571	0.03571428571428571	0.03571428571428571	0.03571428571428571	0.03571428571428571	0.17857142857142858	0.03571428571428571	0.03571428571428571	0.17857142857142858	0.03571428571428571	0.03571428571428571	0.03571428571428571
55	561fdaa31c48820ce883925d	0.022727272727272728	0.022727272727272728	0.022727272727272728	0.022727272727272728	0.022727272727272728	0.11363636363636363	0.20454545454545456	0.11363636363636363	0.022727272727272728	0.022727272727272728	0.20454545454545456	0.022727272727272728	0.022727272727272728	0.022727272727272728	0.022727272727272728	0.022727272727272728	0.022727272727272728	0.022727272727272728	0.022727272727272728	0.022727272727272728
56	561fdaa31c48820ce883925e	0.03571428571428571	0.03571428571428571	0.03571428571428571	0.03571428571428571	0.03571428571428571	0.03571428571428571	0.03571428571428571	0.03571428571428571	0.03571428571428571	0.03571428571428571	0.03571428571428571	0.03571428571428571	0.03571428571428571	0.17857142857142858	0.03571428571428571	0.03571428571428571	0.03571428571428571	0.03571428571428571	0.03571428571428571	0.17857142857142858
57	561fdaa31c48820ce883925f	0.03125	0.03125	0.15625	0.03125	0.03125	0.03125	0.03125	0.03125	0.15625	0.03125	0.03125	0.15625	0.03125	0.03125	0.03125	0.03125	0.03125	0.03125	0.03125	0.03125
58	561fdaa31c48820ce8839260	0.03125	0.15625	0.03125	0.15625	0.03125	0.03125	0.03125	0.03125	0.03125	0.03125	0.03125	0.03125	0.15625	0.03125	0.03125	0.03125	0.03125	0.03125	0.03125	0.03125
59	561fdaa31c48820ce8839261	0.008928571428571428	0.008928571428571428	0.008928571428571428	0.008928571428571428	0.008928571428571428	0.008928571428571428	0.22321428571428573	0.008928571428571428	0.008928571428571428	0.08035714285714286	0.008928571428571428	0.008928571428571428	0.4732142857142857	0.044642857142857144	0.008928571428571428	0.008928571428571428	0.008928571428571428	0.008928571428571428	0.008928571428571428	0.044642857142857144
60	561fdaa31c48820ce8839263	0.027777777777777776	0.027777777777777776	0.1388888888888889	0.027777777777777776	0.027777777777777776	0.027777777777777776	0.027777777777777776	0.027777777777777776	0.027777777777777776	0.027777777777777776	0.027777777777777776	0.1388888888888889	0.027777777777777776	0.027777777777777776	0.027777777777777776	0.1388888888888889	0.027777777777777776	0.1388888888888889	0.027777777777777776	0.027777777777777776
61	561fdaa31c48820ce8839264	0.025510204081632654	0.00510204081632653	0.00510204081632653	0.18877551020408162	0.0663265306122449	0.04591836734693878	0.00510204081632653	0.10714285714285714	0.00510204081632653	0.18877551020408162	0.00510204081632653	0.12755102040816327	0.00510204081632653	0.04591836734693878	0.10714285714285714	0.025510204081632654	0.025510204081632654	0.00510204081632653	0.00510204081632653	0.00510204081632653
62	561fdaa31c48820ce8839265	0.0125	0.0125	0.0125	0.0125	0.0125	0.0125	0.0125	0.0625	0.0125	0.3625	0.0125	0.1625	0.0125	0.0125	0.0125	0.0125	0.1625	0.0125	0.0125	0.0625
63	561fdaa31c48820ce8839266	0.025	0.125	0.025	0.025	0.025	0.025	0.025	0.225	0.025	0.025	0.025	0.025	0.025	0.025	0.225	0.025	0.025	0.025	0.025	0.025
64	561fdaa31c48820ce8839267	0.005319148936170213	0.005319148936170213	0.30319148936170215	0.005319148936170213	0.005319148936170213	0.026595744680851064	0.005319148936170213	0.047872340425531915	0.005319148936170213	0.19680851063829788	0.026595744680851064	0.005319148936170213	0.005319148936170213	0.06914893617021277	0.11170212765957446	0.026595744680851064	0.005319148936170213	0.047872340425531915	0.005319148936170213	0.09042553191489362
65	561fdaa31c48820ce883927a	0.03125	0.03125	0.03125	0.03125	0.03125	0.03125	0.03125	0.03125	0.03125	0.03125	0.03125	0.03125	0.03125	0.03125	0.03125	0.03125	0.03125	0.15625	0.15625	0.15625
66	561fdaa31c48820ce8839268	0.013888888888888888	0.013888888888888888	0.125	0.06944444444444445	0.013888888888888888	0.013888888888888888	0.013888888888888888	0.013888888888888888	0.06944444444444445	0.013888888888888888	0.013888888888888888	0.013888888888888888	0.013888888888888888	0.013888888888888888	0.4583333333333333	0.013888888888888888	0.013888888888888888	0.06944444444444445	0.013888888888888888	0.013888888888888888
67	561fdaa31c48820ce8839269	0.015625	0.015625	0.015625	0.015625	0.015625	0.015625	0.078125	0.015625	0.078125	0.015625	0.015625	0.015625	0.015625	0.265625	0.140625	0.015625	0.140625	0.015625	0.078125	0.015625
68	561fdaa31c48820ce883926b	0.005952380952380952	0.005952380952380952	0.02976190476190476	0.005952380952380952	0.2916666666666667	0.07738095238095238	0.02976190476190476	0.005952380952380952	0.10119047619047619	0.005952380952380952	0.05357142857142857	0.07738095238095238	0.07738095238095238	0.005952380952380952	0.005952380952380952	0.125	0.05357142857142857	0.005952380952380952	0.02976190476190476	0.005952380952380952
69	561fdaa31c48820ce883926c	0.022727272727272728	0.29545454545454547	0.022727272727272728	0.022727272727272728	0.022727272727272728	0.022727272727272728	0.022727272727272728	0.022727272727272728	0.11363636363636363	0.022727272727272728	0.11363636363636363	0.022727272727272728	0.022727272727272728	0.022727272727272728	0.022727272727272728	0.022727272727272728	0.022727272727272728	0.022727272727272728	0.022727272727272728	0.11363636363636363
70	561fdaa31c48820ce883926d	0.0078125	0.0078125	0.0078125	0.0078125	0.0078125	0.0078125	0.2578125	0.0703125	0.0703125	0.0078125	0.2578125	0.0078125	0.0078125	0.0078125	0.0078125	0.1953125	0.0390625	0.0078125	0.0078125	0.0078125
71	561fdaa31c48820ce883926e	0.011363636363636364	0.10227272727272728	0.10227272727272728	0.011363636363636364	0.011363636363636364	0.10227272727272728	0.056818181818181816	0.011363636363636364	0.056818181818181816	0.056818181818181816	0.056818181818181816	0.10227272727272728	0.011363636363636364	0.011363636363636364	0.10227272727272728	0.011363636363636364	0.011363636363636364	0.10227272727272728	0.056818181818181816	0.011363636363636364
72	561fdaa31c48820ce8839270	0.025	0.025	0.025	0.025	0.125	0.025	0.025	0.125	0.025	0.025	0.225	0.025	0.025	0.025	0.025	0.025	0.025	0.125	0.025	0.025
73	561fdaa31c48820ce8839271	0.017857142857142856	0.017857142857142856	0.017857142857142856	0.017857142857142856	0.017857142857142856	0.017857142857142856	0.017857142857142856	0.08928571428571429	0.017857142857142856	0.017857142857142856	0.08928571428571429	0.017857142857142856	0.017857142857142856	0.017857142857142856	0.08928571428571429	0.08928571428571429	0.017857142857142856	0.017857142857142856	0.16071428571428573	0.23214285714285715
74	561fdaa31c48820ce8839272	0.022727272727272728	0.022727272727272728	0.022727272727272728	0.022727272727272728	0.022727272727272728	0.11363636363636363	0.022727272727272728	0.022727272727272728	0.11363636363636363	0.022727272727272728	0.022727272727272728	0.022727272727272728	0.11363636363636363	0.022727272727272728	0.022727272727272728	0.29545454545454547	0.022727272727272728	0.022727272727272728	0.022727272727272728	0.022727272727272728
75	561fdaa31c48820ce8839273	0.007575757575757576	0.03787878787878788	0.007575757575757576	0.007575757575757576	0.007575757575757576	0.007575757575757576	0.007575757575757576	0.007575757575757576	0.06818181818181818	0.03787878787878788	0.007575757575757576	0.007575757575757576	0.06818181818181818	0.007575757575757576	0.007575757575757576	0.06818181818181818	0.03787878787878788	0.09848484848484848	0.3712121212121212	0.12878787878787878
76	561fdaa31c48820ce8839274	0.011904761904761904	0.05952380952380952	0.05952380952380952	0.011904761904761904	0.011904761904761904	0.011904761904761904	0.05952380952380952	0.011904761904761904	0.011904761904761904	0.011904761904761904	0.011904761904761904	0.011904761904761904	0.39285714285714285	0.011904761904761904	0.011904761904761904	0.011904761904761904	0.20238095238095238	0.011904761904761904	0.05952380952380952	0.011904761904761904
77	561fdaa31c48820ce8839275	0.020833333333333332	0.020833333333333332	0.020833333333333332	0.020833333333333332	0.1875	0.020833333333333332	0.020833333333333332	0.020833333333333332	0.020833333333333332	0.020833333333333332	0.020833333333333332	0.10416666666666667	0.10416666666666667	0.020833333333333332	0.020833333333333332	0.020833333333333332	0.020833333333333332	0.020833333333333332	0.2708333333333333	0.020833333333333332
78	561fdaa31c48820ce8839276	0.027777777777777776	0.027777777777777776	0.027777777777777776	0.3611111111111111	0.027777777777777776	0.027777777777777776	0.1388888888888889	0.027777777777777776	0.027777777777777776	0.027777777777777776	0.027777777777777776	0.027777777777777776	0.027777777777777776	0.027777777777777776	0.027777777777777776	0.027777777777777776	0.027777777777777776	0.027777777777777776	0.027777777777777776	0.027777777777777776
79	561fdaa31c48820ce8839277	0.08035714285714286	0.008928571428571428	0.008928571428571428	0.08035714285714286	0.008928571428571428	0.08035714285714286	0.08035714285714286	0.044642857142857144	0.044642857142857144	0.008928571428571428	0.1875	0.008928571428571428	0.008928571428571428	0.008928571428571428	0.044642857142857144	0.044642857142857144	0.008928571428571428	0.11607142857142858	0.11607142857142858	0.008928571428571428
80	561fdaa31c48820ce8839278	0.013888888888888888	0.013888888888888888	0.013888888888888888	0.013888888888888888	0.013888888888888888	0.013888888888888888	0.013888888888888888	0.013888888888888888	0.013888888888888888	0.013888888888888888	0.013888888888888888	0.013888888888888888	0.06944444444444445	0.013888888888888888	0.013888888888888888	0.013888888888888888	0.013888888888888888	0.013888888888888888	0.625	0.06944444444444445
81	561fdaa31c48820ce8839279	0.017361111111111112	0.003472222222222222	0.017361111111111112	0.03125	0.059027777777777776	0.003472222222222222	0.017361111111111112	0.003472222222222222	0.04513888888888889	0.003472222222222222	0.059027777777777776	0.003472222222222222	0.15625	0.003472222222222222	0.003472222222222222	0.03125	0.017361111111111112	0.017361111111111112	0.5034722222222222	0.003472222222222222
82	561fdaa31c48820ce883927b	0.0625	0.006944444444444444	0.006944444444444444	0.006944444444444444	0.09027777777777778	0.006944444444444444	0.006944444444444444	0.006944444444444444	0.006944444444444444	0.2013888888888889	0.006944444444444444	0.006944444444444444	0.034722222222222224	0.22916666666666666	0.006944444444444444	0.034722222222222224	0.11805555555555555	0.006944444444444444	0.14583333333333334	0.006944444444444444
83	561fdaa31c48820ce883927d	0.03125	0.28125	0.03125	0.03125	0.15625	0.03125	0.03125	0.03125	0.03125	0.03125	0.03125	0.03125	0.03125	0.03125	0.03125	0.03125	0.03125	0.03125	0.03125	0.03125
84	561fdaa31c48820ce883927e	0.026041666666666668	0.8802083333333334	0.005208333333333333	0.005208333333333333	0.005208333333333333	0.005208333333333333	0.005208333333333333	0.005208333333333333	0.005208333333333333	0.005208333333333333	0.005208333333333333	0.005208333333333333	0.005208333333333333	0.005208333333333333	0.005208333333333333	0.005208333333333333	0.005208333333333333	0.005208333333333333	0.005208333333333333	0.005208333333333333
85	561fdaa31c48820ce883927f	0.005681818181818182	0.5284090909090909	0.005681818181818182	0.005681818181818182	0.07386363636363637	0.028409090909090908	0.05113636363636364	0.005681818181818182	0.07386363636363637	0.028409090909090908	0.005681818181818182	0.028409090909090908	0.005681818181818182	0.005681818181818182	0.05113636363636364	0.005681818181818182	0.005681818181818182	0.028409090909090908	0.005681818181818182	0.05113636363636364
86	561fdaa31c48820ce8839281	0.009615384615384616	0.009615384615384616	0.04807692307692308	0.04807692307692308	0.08653846153846154	0.009615384615384616	0.009615384615384616	0.27884615384615385	0.009615384615384616	0.2403846153846154	0.04807692307692308	0.009615384615384616	0.04807692307692308	0.04807692307692308	0.009615384615384616	0.009615384615384616	0.04807692307692308	0.009615384615384616	0.009615384615384616	0.009615384615384616
87	561fdaa31c48820ce8839282	0.017857142857142856	0.017857142857142856	0.017857142857142856	0.017857142857142856	0.017857142857142856	0.017857142857142856	0.017857142857142856	0.16071428571428573	0.16071428571428573	0.017857142857142856	0.017857142857142856	0.017857142857142856	0.23214285714285715	0.017857142857142856	0.017857142857142856	0.08928571428571429	0.08928571428571429	0.017857142857142856	0.017857142857142856	0.017857142857142856
88	561fdaa31c48820ce8839283	0.03125	0.03125	0.03125	0.03125	0.03125	0.03125	0.03125	0.15625	0.15625	0.03125	0.03125	0.03125	0.03125	0.03125	0.03125	0.03125	0.03125	0.03125	0.03125	0.15625
89	561fdaa31c48820ce8839284	0.03571428571428571	0.03571428571428571	0.03571428571428571	0.03571428571428571	0.03571428571428571	0.03571428571428571	0.03571428571428571	0.03571428571428571	0.03571428571428571	0.03571428571428571	0.03571428571428571	0.03571428571428571	0.03571428571428571	0.17857142857142858	0.03571428571428571	0.17857142857142858	0.03571428571428571	0.03571428571428571	0.03571428571428571	0.03571428571428571
90	561fdaa31c48820ce8839285	0.015625	0.003125	0.003125	0.128125	0.015625	0.015625	0.040625	0.303125	0.003125	0.003125	0.090625	0.028125	0.078125	0.003125	0.003125	0.078125	0.065625	0.015625	0.003125	0.103125
91	561fdaa31c48820ce8839286	0.004032258064516129	0.004032258064516129	0.004032258064516129	0.004032258064516129	0.004032258064516129	0.06854838709677419	0.004032258064516129	0.7137096774193549	0.036290322580645164	0.06854838709677419	0.004032258064516129	0.004032258064516129	0.004032258064516129	0.036290322580645164	0.004032258064516129	0.004032258064516129	0.004032258064516129	0.004032258064516129	0.020161290322580645	0.004032258064516129
92	561fdaa31c48820ce8839288	0.019230769230769232	0.019230769230769232	0.019230769230769232	0.019230769230769232	0.019230769230769232	0.019230769230769232	0.17307692307692307	0.019230769230769232	0.019230769230769232	0.09615384615384616	0.09615384615384616	0.019230769230769232	0.019230769230769232	0.09615384615384616	0.019230769230769232	0.25	0.019230769230769232	0.019230769230769232	0.019230769230769232	0.019230769230769232
93	561fdaa31c48820ce8839289	0.007142857142857143	0.007142857142857143	0.007142857142857143	0.03571428571428571	0.2642857142857143	0.007142857142857143	0.37857142857142856	0.007142857142857143	0.007142857142857143	0.007142857142857143	0.09285714285714286	0.007142857142857143	0.007142857142857143	0.007142857142857143	0.03571428571428571	0.007142857142857143	0.007142857142857143	0.09285714285714286	0.007142857142857143	0.007142857142857143
94	561fdaa31c48820ce883928a	0.01	0.01	0.01	0.01	0.01	0.05	0.01	0.01	0.01	0.05	0.41	0.01	0.01	0.01	0.01	0.13	0.01	0.01	0.17	0.05
95	561fdaa31c48820ce883928c	0.06770833333333333	0.005208333333333333	0.046875	0.005208333333333333	0.005208333333333333	0.005208333333333333	0.046875	0.005208333333333333	0.005208333333333333	0.005208333333333333	0.005208333333333333	0.026041666666666668	0.005208333333333333	0.005208333333333333	0.005208333333333333	0.15104166666666666	0.08854166666666667	0.005208333333333333	0.5052083333333334	0.005208333333333333
96	561fdaa31c48820ce883928e	0.027777777777777776	0.027777777777777776	0.027777777777777776	0.027777777777777776	0.027777777777777776	0.027777777777777776	0.027777777777777776	0.027777777777777776	0.027777777777777776	0.027777777777777776	0.027777777777777776	0.027777777777777776	0.25	0.027777777777777776	0.027777777777777776	0.027777777777777776	0.25	0.027777777777777776	0.027777777777777776	0.027777777777777776
97	561fdaa31c48820ce883928f	0.013157894736842105	0.013157894736842105	0.013157894736842105	0.06578947368421052	0.06578947368421052	0.013157894736842105	0.2236842105263158	0.013157894736842105	0.013157894736842105	0.013157894736842105	0.013157894736842105	0.06578947368421052	0.013157894736842105	0.06578947368421052	0.06578947368421052	0.2236842105263158	0.013157894736842105	0.06578947368421052	0.013157894736842105	0.013157894736842105
98	561fdaa31c48820ce8839290	0.022727272727272728	0.022727272727272728	0.022727272727272728	0.022727272727272728	0.11363636363636363	0.022727272727272728	0.022727272727272728	0.11363636363636363	0.022727272727272728	0.022727272727272728	0.022727272727272728	0.022727272727272728	0.022727272727272728	0.11363636363636363	0.022727272727272728	0.022727272727272728	0.29545454545454547	0.022727272727272728	0.022727272727272728	0.022727272727272728
99	561fdaa31c48820ce8839291	0.013157894736842105	0.013157894736842105	0.013157894736842105	0.013157894736842105	0.013157894736842105	0.013157894736842105	0.06578947368421052	0.013157894736842105	0.013157894736842105	0.013157894736842105	0.013157894736842105	0.06578947368421052	0.06578947368421052	0.013157894736842105	0.06578947368421052	0.4868421052631579	0.06578947368421052	0.013157894736842105	0.013157894736842105	0.013157894736842105
100	561fdaa31c48820ce8839293	0.03571428571428571	0.03571428571428571	0.03571428571428571	0.03571428571428571	0.03571428571428571	0.03571428571428571	0.03571428571428571	0.17857142857142858	0.03571428571428571	0.03571428571428571	0.03571428571428571	0.03571428571428571	0.03571428571428571	0.03571428571428571	0.03571428571428571	0.17857142857142858	0.03571428571428571	0.03571428571428571	0.03571428571428571	0.03571428571428571
101	561fdaa31c48820ce8839294	0.03205128205128205	0.00641025641025641	0.00641025641025641	0.1346153846153846	0.00641025641025641	0.00641025641025641	0.00641025641025641	0.1858974358974359	0.03205128205128205	0.00641025641025641	0.00641025641025641	0.00641025641025641	0.33974358974358976	0.08333333333333333	0.08333333333333333	0.00641025641025641	0.00641025641025641	0.00641025641025641	0.00641025641025641	0.03205128205128205
102	561fdaa31c48820ce8839295	0.17105263157894737	0.27631578947368424	0.013157894736842105	0.06578947368421052	0.013157894736842105	0.013157894736842105	0.013157894736842105	0.013157894736842105	0.013157894736842105	0.013157894736842105	0.06578947368421052	0.013157894736842105	0.06578947368421052	0.013157894736842105	0.06578947368421052	0.013157894736842105	0.06578947368421052	0.06578947368421052	0.013157894736842105	0.013157894736842105
103	561fdaa31c48820ce8839296	0.025	0.025	0.025	0.025	0.025	0.025	0.025	0.025	0.125	0.025	0.025	0.125	0.125	0.025	0.025	0.025	0.025	0.225	0.025	0.025
104	561fdaa31c48820ce8839297	0.017857142857142856	0.017857142857142856	0.017857142857142856	0.16071428571428573	0.16071428571428573	0.017857142857142856	0.017857142857142856	0.08928571428571429	0.017857142857142856	0.017857142857142856	0.08928571428571429	0.017857142857142856	0.16071428571428573	0.08928571428571429	0.017857142857142856	0.017857142857142856	0.017857142857142856	0.017857142857142856	0.017857142857142856	0.017857142857142856
